{
 "cells": [
  {
   "cell_type": "code",
   "execution_count": 1,
   "id": "9fbc0bce",
   "metadata": {},
   "outputs": [],
   "source": [
    "import numpy as np\n",
    "import pandas as pd\n",
    "from scipy import stats\n",
    "import seaborn as sns\n",
    "import matplotlib as mpl\n",
    "import warnings\n",
    "import matplotlib.pyplot as plt\n",
    "from pandas import DataFrame, Series\n",
    "from sklearn.linear_model import LinearRegression\n",
    "from sklearn.linear_model import LogisticRegressionCV\n",
    "from sklearn.model_selection import train_test_split\n",
    "from sklearn.preprocessing import StandardScaler\n",
    "import matplotlib.pyplot as plt\n",
    "from mpl_toolkits.mplot3d import Axes3D"
   ]
  },
  {
   "cell_type": "code",
   "execution_count": 2,
   "id": "7eeab363",
   "metadata": {
    "scrolled": false
   },
   "outputs": [],
   "source": [
    "df = pd.read_csv('allgames_stats.csv')"
   ]
  },
  {
   "cell_type": "code",
   "execution_count": 3,
   "id": "9c6889d7",
   "metadata": {},
   "outputs": [
    {
     "data": {
      "text/html": [
       "<div>\n",
       "<style scoped>\n",
       "    .dataframe tbody tr th:only-of-type {\n",
       "        vertical-align: middle;\n",
       "    }\n",
       "\n",
       "    .dataframe tbody tr th {\n",
       "        vertical-align: top;\n",
       "    }\n",
       "\n",
       "    .dataframe thead th {\n",
       "        text-align: right;\n",
       "    }\n",
       "</style>\n",
       "<table border=\"1\" class=\"dataframe\">\n",
       "  <thead>\n",
       "    <tr style=\"text-align: right;\">\n",
       "      <th></th>\n",
       "      <th>G</th>\n",
       "      <th>Date</th>\n",
       "      <th>Tm</th>\n",
       "      <th>X</th>\n",
       "      <th>Opp</th>\n",
       "      <th>Result</th>\n",
       "      <th>GS</th>\n",
       "      <th>MP</th>\n",
       "      <th>FG</th>\n",
       "      <th>FGA</th>\n",
       "      <th>...</th>\n",
       "      <th>TRB</th>\n",
       "      <th>AST</th>\n",
       "      <th>STL</th>\n",
       "      <th>BLK</th>\n",
       "      <th>TOV</th>\n",
       "      <th>PF</th>\n",
       "      <th>PTS</th>\n",
       "      <th>GmSc</th>\n",
       "      <th>Player</th>\n",
       "      <th>RSorPO</th>\n",
       "    </tr>\n",
       "  </thead>\n",
       "  <tbody>\n",
       "    <tr>\n",
       "      <th>0</th>\n",
       "      <td>1</td>\n",
       "      <td>1996-11-03</td>\n",
       "      <td>LAL</td>\n",
       "      <td>NaN</td>\n",
       "      <td>MIN</td>\n",
       "      <td>W</td>\n",
       "      <td>0</td>\n",
       "      <td>6:00</td>\n",
       "      <td>0.0</td>\n",
       "      <td>1.0</td>\n",
       "      <td>...</td>\n",
       "      <td>1</td>\n",
       "      <td>0</td>\n",
       "      <td>0.0</td>\n",
       "      <td>1.0</td>\n",
       "      <td>1</td>\n",
       "      <td>1</td>\n",
       "      <td>0.0</td>\n",
       "      <td>-1.1</td>\n",
       "      <td>Kobe Bryant</td>\n",
       "      <td>Regular Season</td>\n",
       "    </tr>\n",
       "    <tr>\n",
       "      <th>1</th>\n",
       "      <td>2</td>\n",
       "      <td>1996-11-05</td>\n",
       "      <td>LAL</td>\n",
       "      <td>@</td>\n",
       "      <td>NYK</td>\n",
       "      <td>W</td>\n",
       "      <td>0</td>\n",
       "      <td>3:00</td>\n",
       "      <td>0.0</td>\n",
       "      <td>1.0</td>\n",
       "      <td>...</td>\n",
       "      <td>0</td>\n",
       "      <td>0</td>\n",
       "      <td>0.0</td>\n",
       "      <td>0.0</td>\n",
       "      <td>1</td>\n",
       "      <td>0</td>\n",
       "      <td>1.0</td>\n",
       "      <td>-1.1</td>\n",
       "      <td>Kobe Bryant</td>\n",
       "      <td>Regular Season</td>\n",
       "    </tr>\n",
       "    <tr>\n",
       "      <th>2</th>\n",
       "      <td>3</td>\n",
       "      <td>1996-11-06</td>\n",
       "      <td>LAL</td>\n",
       "      <td>@</td>\n",
       "      <td>CHH</td>\n",
       "      <td>L</td>\n",
       "      <td>0</td>\n",
       "      <td>7:00</td>\n",
       "      <td>2.0</td>\n",
       "      <td>3.0</td>\n",
       "      <td>...</td>\n",
       "      <td>0</td>\n",
       "      <td>0</td>\n",
       "      <td>0.0</td>\n",
       "      <td>0.0</td>\n",
       "      <td>3</td>\n",
       "      <td>0</td>\n",
       "      <td>5.0</td>\n",
       "      <td>0.7</td>\n",
       "      <td>Kobe Bryant</td>\n",
       "      <td>Regular Season</td>\n",
       "    </tr>\n",
       "    <tr>\n",
       "      <th>3</th>\n",
       "      <td>4</td>\n",
       "      <td>1996-11-08</td>\n",
       "      <td>LAL</td>\n",
       "      <td>@</td>\n",
       "      <td>TOR</td>\n",
       "      <td>L</td>\n",
       "      <td>0</td>\n",
       "      <td>17:00</td>\n",
       "      <td>3.0</td>\n",
       "      <td>8.0</td>\n",
       "      <td>...</td>\n",
       "      <td>3</td>\n",
       "      <td>0</td>\n",
       "      <td>0.0</td>\n",
       "      <td>1.0</td>\n",
       "      <td>0</td>\n",
       "      <td>3</td>\n",
       "      <td>10.0</td>\n",
       "      <td>5.2</td>\n",
       "      <td>Kobe Bryant</td>\n",
       "      <td>Regular Season</td>\n",
       "    </tr>\n",
       "    <tr>\n",
       "      <th>4</th>\n",
       "      <td>5</td>\n",
       "      <td>1996-11-10</td>\n",
       "      <td>LAL</td>\n",
       "      <td>NaN</td>\n",
       "      <td>ATL</td>\n",
       "      <td>W</td>\n",
       "      <td>0</td>\n",
       "      <td>8:00</td>\n",
       "      <td>0.0</td>\n",
       "      <td>3.0</td>\n",
       "      <td>...</td>\n",
       "      <td>3</td>\n",
       "      <td>1</td>\n",
       "      <td>0.0</td>\n",
       "      <td>0.0</td>\n",
       "      <td>0</td>\n",
       "      <td>0</td>\n",
       "      <td>2.0</td>\n",
       "      <td>1.9</td>\n",
       "      <td>Kobe Bryant</td>\n",
       "      <td>Regular Season</td>\n",
       "    </tr>\n",
       "  </tbody>\n",
       "</table>\n",
       "<p>5 rows × 29 columns</p>\n",
       "</div>"
      ],
      "text/plain": [
       "   G        Date   Tm    X  Opp Result  GS     MP   FG  FGA  ...  TRB  AST  \\\n",
       "0  1  1996-11-03  LAL  NaN  MIN      W   0   6:00  0.0  1.0  ...    1    0   \n",
       "1  2  1996-11-05  LAL    @  NYK      W   0   3:00  0.0  1.0  ...    0    0   \n",
       "2  3  1996-11-06  LAL    @  CHH      L   0   7:00  2.0  3.0  ...    0    0   \n",
       "3  4  1996-11-08  LAL    @  TOR      L   0  17:00  3.0  8.0  ...    3    0   \n",
       "4  5  1996-11-10  LAL  NaN  ATL      W   0   8:00  0.0  3.0  ...    3    1   \n",
       "\n",
       "   STL  BLK  TOV  PF   PTS  GmSc       Player          RSorPO  \n",
       "0  0.0  1.0    1   1   0.0  -1.1  Kobe Bryant  Regular Season  \n",
       "1  0.0  0.0    1   0   1.0  -1.1  Kobe Bryant  Regular Season  \n",
       "2  0.0  0.0    3   0   5.0   0.7  Kobe Bryant  Regular Season  \n",
       "3  0.0  1.0    0   3  10.0   5.2  Kobe Bryant  Regular Season  \n",
       "4  0.0  0.0    0   0   2.0   1.9  Kobe Bryant  Regular Season  \n",
       "\n",
       "[5 rows x 29 columns]"
      ]
     },
     "execution_count": 3,
     "metadata": {},
     "output_type": "execute_result"
    }
   ],
   "source": [
    "df.head()"
   ]
  },
  {
   "cell_type": "code",
   "execution_count": 4,
   "id": "d9f4db6b",
   "metadata": {},
   "outputs": [],
   "source": [
    "#通过科比对战爵士的比赛 用linear regression来predict他之后的GmSc值 来判断他是否需要重点防守"
   ]
  },
  {
   "cell_type": "code",
   "execution_count": 5,
   "id": "2e7181e2",
   "metadata": {},
   "outputs": [],
   "source": [
    "a=df.loc[(df['Tm']=='LAL')&(df['Opp']=='UTA')&(df['Player']=='Kobe Bryant')]"
   ]
  },
  {
   "cell_type": "code",
   "execution_count": 6,
   "id": "02a2b2c9",
   "metadata": {
    "scrolled": false
   },
   "outputs": [
    {
     "data": {
      "text/html": [
       "<div>\n",
       "<style scoped>\n",
       "    .dataframe tbody tr th:only-of-type {\n",
       "        vertical-align: middle;\n",
       "    }\n",
       "\n",
       "    .dataframe tbody tr th {\n",
       "        vertical-align: top;\n",
       "    }\n",
       "\n",
       "    .dataframe thead th {\n",
       "        text-align: right;\n",
       "    }\n",
       "</style>\n",
       "<table border=\"1\" class=\"dataframe\">\n",
       "  <thead>\n",
       "    <tr style=\"text-align: right;\">\n",
       "      <th></th>\n",
       "      <th>G</th>\n",
       "      <th>GS</th>\n",
       "      <th>FG</th>\n",
       "      <th>FGA</th>\n",
       "      <th>FG%</th>\n",
       "      <th>3P</th>\n",
       "      <th>3PA</th>\n",
       "      <th>3P%</th>\n",
       "      <th>FT</th>\n",
       "      <th>FTA</th>\n",
       "      <th>...</th>\n",
       "      <th>ORB</th>\n",
       "      <th>DRB</th>\n",
       "      <th>TRB</th>\n",
       "      <th>AST</th>\n",
       "      <th>STL</th>\n",
       "      <th>BLK</th>\n",
       "      <th>TOV</th>\n",
       "      <th>PF</th>\n",
       "      <th>PTS</th>\n",
       "      <th>GmSc</th>\n",
       "    </tr>\n",
       "  </thead>\n",
       "  <tbody>\n",
       "    <tr>\n",
       "      <th>G</th>\n",
       "      <td>1.000000</td>\n",
       "      <td>0.083891</td>\n",
       "      <td>-0.035025</td>\n",
       "      <td>0.096739</td>\n",
       "      <td>-0.235424</td>\n",
       "      <td>0.102207</td>\n",
       "      <td>0.161331</td>\n",
       "      <td>-0.034763</td>\n",
       "      <td>-0.102366</td>\n",
       "      <td>-0.075466</td>\n",
       "      <td>...</td>\n",
       "      <td>0.207042</td>\n",
       "      <td>-0.239827</td>\n",
       "      <td>-0.150734</td>\n",
       "      <td>-0.007356</td>\n",
       "      <td>0.145185</td>\n",
       "      <td>-0.074948</td>\n",
       "      <td>-0.102790</td>\n",
       "      <td>-0.180160</td>\n",
       "      <td>-0.054515</td>\n",
       "      <td>-0.087613</td>\n",
       "    </tr>\n",
       "    <tr>\n",
       "      <th>GS</th>\n",
       "      <td>0.083891</td>\n",
       "      <td>1.000000</td>\n",
       "      <td>0.564557</td>\n",
       "      <td>0.601415</td>\n",
       "      <td>0.032679</td>\n",
       "      <td>0.226484</td>\n",
       "      <td>0.215355</td>\n",
       "      <td>0.204065</td>\n",
       "      <td>0.332572</td>\n",
       "      <td>0.341648</td>\n",
       "      <td>...</td>\n",
       "      <td>0.140270</td>\n",
       "      <td>0.496402</td>\n",
       "      <td>0.514006</td>\n",
       "      <td>0.412587</td>\n",
       "      <td>0.269708</td>\n",
       "      <td>-0.093027</td>\n",
       "      <td>0.311688</td>\n",
       "      <td>0.231149</td>\n",
       "      <td>0.587045</td>\n",
       "      <td>0.530652</td>\n",
       "    </tr>\n",
       "    <tr>\n",
       "      <th>FG</th>\n",
       "      <td>-0.035025</td>\n",
       "      <td>0.564557</td>\n",
       "      <td>1.000000</td>\n",
       "      <td>0.834989</td>\n",
       "      <td>0.358371</td>\n",
       "      <td>0.458629</td>\n",
       "      <td>0.428350</td>\n",
       "      <td>0.356477</td>\n",
       "      <td>0.282743</td>\n",
       "      <td>0.317487</td>\n",
       "      <td>...</td>\n",
       "      <td>-0.027557</td>\n",
       "      <td>0.425355</td>\n",
       "      <td>0.387966</td>\n",
       "      <td>0.241068</td>\n",
       "      <td>0.213775</td>\n",
       "      <td>0.104856</td>\n",
       "      <td>0.222677</td>\n",
       "      <td>0.150508</td>\n",
       "      <td>0.919650</td>\n",
       "      <td>0.840216</td>\n",
       "    </tr>\n",
       "    <tr>\n",
       "      <th>FGA</th>\n",
       "      <td>0.096739</td>\n",
       "      <td>0.601415</td>\n",
       "      <td>0.834989</td>\n",
       "      <td>1.000000</td>\n",
       "      <td>-0.093182</td>\n",
       "      <td>0.429502</td>\n",
       "      <td>0.621313</td>\n",
       "      <td>0.202642</td>\n",
       "      <td>0.357530</td>\n",
       "      <td>0.378887</td>\n",
       "      <td>...</td>\n",
       "      <td>0.239903</td>\n",
       "      <td>0.389012</td>\n",
       "      <td>0.448969</td>\n",
       "      <td>0.164788</td>\n",
       "      <td>0.214780</td>\n",
       "      <td>-0.016014</td>\n",
       "      <td>0.130783</td>\n",
       "      <td>0.180616</td>\n",
       "      <td>0.825138</td>\n",
       "      <td>0.615351</td>\n",
       "    </tr>\n",
       "    <tr>\n",
       "      <th>FG%</th>\n",
       "      <td>-0.235424</td>\n",
       "      <td>0.032679</td>\n",
       "      <td>0.358371</td>\n",
       "      <td>-0.093182</td>\n",
       "      <td>1.000000</td>\n",
       "      <td>0.097300</td>\n",
       "      <td>-0.205699</td>\n",
       "      <td>0.363046</td>\n",
       "      <td>-0.071841</td>\n",
       "      <td>-0.051777</td>\n",
       "      <td>...</td>\n",
       "      <td>-0.339390</td>\n",
       "      <td>0.149156</td>\n",
       "      <td>0.018944</td>\n",
       "      <td>0.135380</td>\n",
       "      <td>-0.005590</td>\n",
       "      <td>0.175674</td>\n",
       "      <td>0.184599</td>\n",
       "      <td>0.014529</td>\n",
       "      <td>0.247862</td>\n",
       "      <td>0.395999</td>\n",
       "    </tr>\n",
       "    <tr>\n",
       "      <th>3P</th>\n",
       "      <td>0.102207</td>\n",
       "      <td>0.226484</td>\n",
       "      <td>0.458629</td>\n",
       "      <td>0.429502</td>\n",
       "      <td>0.097300</td>\n",
       "      <td>1.000000</td>\n",
       "      <td>0.750307</td>\n",
       "      <td>0.688139</td>\n",
       "      <td>-0.059052</td>\n",
       "      <td>-0.013787</td>\n",
       "      <td>...</td>\n",
       "      <td>-0.120609</td>\n",
       "      <td>-0.022501</td>\n",
       "      <td>-0.063875</td>\n",
       "      <td>-0.131809</td>\n",
       "      <td>0.102970</td>\n",
       "      <td>-0.170016</td>\n",
       "      <td>-0.001041</td>\n",
       "      <td>-0.034487</td>\n",
       "      <td>0.452140</td>\n",
       "      <td>0.338979</td>\n",
       "    </tr>\n",
       "    <tr>\n",
       "      <th>3PA</th>\n",
       "      <td>0.161331</td>\n",
       "      <td>0.215355</td>\n",
       "      <td>0.428350</td>\n",
       "      <td>0.621313</td>\n",
       "      <td>-0.205699</td>\n",
       "      <td>0.750307</td>\n",
       "      <td>1.000000</td>\n",
       "      <td>0.191503</td>\n",
       "      <td>-0.004167</td>\n",
       "      <td>0.036372</td>\n",
       "      <td>...</td>\n",
       "      <td>0.064447</td>\n",
       "      <td>-0.020639</td>\n",
       "      <td>0.003588</td>\n",
       "      <td>-0.076856</td>\n",
       "      <td>0.100824</td>\n",
       "      <td>-0.222674</td>\n",
       "      <td>-0.096447</td>\n",
       "      <td>-0.073812</td>\n",
       "      <td>0.418193</td>\n",
       "      <td>0.224079</td>\n",
       "    </tr>\n",
       "    <tr>\n",
       "      <th>3P%</th>\n",
       "      <td>-0.034763</td>\n",
       "      <td>0.204065</td>\n",
       "      <td>0.356477</td>\n",
       "      <td>0.202642</td>\n",
       "      <td>0.363046</td>\n",
       "      <td>0.688139</td>\n",
       "      <td>0.191503</td>\n",
       "      <td>1.000000</td>\n",
       "      <td>0.026264</td>\n",
       "      <td>0.043392</td>\n",
       "      <td>...</td>\n",
       "      <td>-0.183149</td>\n",
       "      <td>0.121145</td>\n",
       "      <td>0.045137</td>\n",
       "      <td>-0.139526</td>\n",
       "      <td>0.035317</td>\n",
       "      <td>-0.034724</td>\n",
       "      <td>0.016852</td>\n",
       "      <td>0.016498</td>\n",
       "      <td>0.379939</td>\n",
       "      <td>0.361216</td>\n",
       "    </tr>\n",
       "    <tr>\n",
       "      <th>FT</th>\n",
       "      <td>-0.102366</td>\n",
       "      <td>0.332572</td>\n",
       "      <td>0.282743</td>\n",
       "      <td>0.357530</td>\n",
       "      <td>-0.071841</td>\n",
       "      <td>-0.059052</td>\n",
       "      <td>-0.004167</td>\n",
       "      <td>0.026264</td>\n",
       "      <td>1.000000</td>\n",
       "      <td>0.977919</td>\n",
       "      <td>...</td>\n",
       "      <td>0.159449</td>\n",
       "      <td>0.267303</td>\n",
       "      <td>0.306585</td>\n",
       "      <td>0.143578</td>\n",
       "      <td>0.101969</td>\n",
       "      <td>-0.022793</td>\n",
       "      <td>0.138619</td>\n",
       "      <td>0.232445</td>\n",
       "      <td>0.618739</td>\n",
       "      <td>0.589298</td>\n",
       "    </tr>\n",
       "    <tr>\n",
       "      <th>FTA</th>\n",
       "      <td>-0.075466</td>\n",
       "      <td>0.341648</td>\n",
       "      <td>0.317487</td>\n",
       "      <td>0.378887</td>\n",
       "      <td>-0.051777</td>\n",
       "      <td>-0.013787</td>\n",
       "      <td>0.036372</td>\n",
       "      <td>0.043392</td>\n",
       "      <td>0.977919</td>\n",
       "      <td>1.000000</td>\n",
       "      <td>...</td>\n",
       "      <td>0.197629</td>\n",
       "      <td>0.266916</td>\n",
       "      <td>0.319782</td>\n",
       "      <td>0.166546</td>\n",
       "      <td>0.076163</td>\n",
       "      <td>-0.035030</td>\n",
       "      <td>0.100636</td>\n",
       "      <td>0.229160</td>\n",
       "      <td>0.641406</td>\n",
       "      <td>0.610560</td>\n",
       "    </tr>\n",
       "    <tr>\n",
       "      <th>FT%</th>\n",
       "      <td>-0.046855</td>\n",
       "      <td>0.180524</td>\n",
       "      <td>-0.016170</td>\n",
       "      <td>0.063971</td>\n",
       "      <td>-0.083641</td>\n",
       "      <td>-0.244717</td>\n",
       "      <td>-0.156087</td>\n",
       "      <td>-0.129446</td>\n",
       "      <td>0.291918</td>\n",
       "      <td>0.122962</td>\n",
       "      <td>...</td>\n",
       "      <td>-0.070605</td>\n",
       "      <td>0.112030</td>\n",
       "      <td>0.078537</td>\n",
       "      <td>-0.056634</td>\n",
       "      <td>0.149155</td>\n",
       "      <td>-0.002006</td>\n",
       "      <td>0.179817</td>\n",
       "      <td>-0.074702</td>\n",
       "      <td>0.073065</td>\n",
       "      <td>0.062857</td>\n",
       "    </tr>\n",
       "    <tr>\n",
       "      <th>ORB</th>\n",
       "      <td>0.207042</td>\n",
       "      <td>0.140270</td>\n",
       "      <td>-0.027557</td>\n",
       "      <td>0.239903</td>\n",
       "      <td>-0.339390</td>\n",
       "      <td>-0.120609</td>\n",
       "      <td>0.064447</td>\n",
       "      <td>-0.183149</td>\n",
       "      <td>0.159449</td>\n",
       "      <td>0.197629</td>\n",
       "      <td>...</td>\n",
       "      <td>1.000000</td>\n",
       "      <td>-0.000839</td>\n",
       "      <td>0.354362</td>\n",
       "      <td>-0.118674</td>\n",
       "      <td>-0.136192</td>\n",
       "      <td>-0.023610</td>\n",
       "      <td>-0.064512</td>\n",
       "      <td>0.264328</td>\n",
       "      <td>0.029665</td>\n",
       "      <td>-0.102992</td>\n",
       "    </tr>\n",
       "    <tr>\n",
       "      <th>DRB</th>\n",
       "      <td>-0.239827</td>\n",
       "      <td>0.496402</td>\n",
       "      <td>0.425355</td>\n",
       "      <td>0.389012</td>\n",
       "      <td>0.149156</td>\n",
       "      <td>-0.022501</td>\n",
       "      <td>-0.020639</td>\n",
       "      <td>0.121145</td>\n",
       "      <td>0.267303</td>\n",
       "      <td>0.266916</td>\n",
       "      <td>...</td>\n",
       "      <td>-0.000839</td>\n",
       "      <td>1.000000</td>\n",
       "      <td>0.934811</td>\n",
       "      <td>0.462776</td>\n",
       "      <td>0.175577</td>\n",
       "      <td>0.157884</td>\n",
       "      <td>0.301022</td>\n",
       "      <td>0.219164</td>\n",
       "      <td>0.422562</td>\n",
       "      <td>0.474136</td>\n",
       "    </tr>\n",
       "    <tr>\n",
       "      <th>TRB</th>\n",
       "      <td>-0.150734</td>\n",
       "      <td>0.514006</td>\n",
       "      <td>0.387966</td>\n",
       "      <td>0.448969</td>\n",
       "      <td>0.018944</td>\n",
       "      <td>-0.063875</td>\n",
       "      <td>0.003588</td>\n",
       "      <td>0.045137</td>\n",
       "      <td>0.306585</td>\n",
       "      <td>0.319782</td>\n",
       "      <td>...</td>\n",
       "      <td>0.354362</td>\n",
       "      <td>0.934811</td>\n",
       "      <td>1.000000</td>\n",
       "      <td>0.390599</td>\n",
       "      <td>0.115815</td>\n",
       "      <td>0.139253</td>\n",
       "      <td>0.258578</td>\n",
       "      <td>0.298817</td>\n",
       "      <td>0.405677</td>\n",
       "      <td>0.406792</td>\n",
       "    </tr>\n",
       "    <tr>\n",
       "      <th>AST</th>\n",
       "      <td>-0.007356</td>\n",
       "      <td>0.412587</td>\n",
       "      <td>0.241068</td>\n",
       "      <td>0.164788</td>\n",
       "      <td>0.135380</td>\n",
       "      <td>-0.131809</td>\n",
       "      <td>-0.076856</td>\n",
       "      <td>-0.139526</td>\n",
       "      <td>0.143578</td>\n",
       "      <td>0.166546</td>\n",
       "      <td>...</td>\n",
       "      <td>-0.118674</td>\n",
       "      <td>0.462776</td>\n",
       "      <td>0.390599</td>\n",
       "      <td>1.000000</td>\n",
       "      <td>0.386367</td>\n",
       "      <td>0.004009</td>\n",
       "      <td>0.292616</td>\n",
       "      <td>-0.063243</td>\n",
       "      <td>0.219696</td>\n",
       "      <td>0.424954</td>\n",
       "    </tr>\n",
       "    <tr>\n",
       "      <th>STL</th>\n",
       "      <td>0.145185</td>\n",
       "      <td>0.269708</td>\n",
       "      <td>0.213775</td>\n",
       "      <td>0.214780</td>\n",
       "      <td>-0.005590</td>\n",
       "      <td>0.102970</td>\n",
       "      <td>0.100824</td>\n",
       "      <td>0.035317</td>\n",
       "      <td>0.101969</td>\n",
       "      <td>0.076163</td>\n",
       "      <td>...</td>\n",
       "      <td>-0.136192</td>\n",
       "      <td>0.175577</td>\n",
       "      <td>0.115815</td>\n",
       "      <td>0.386367</td>\n",
       "      <td>1.000000</td>\n",
       "      <td>-0.087599</td>\n",
       "      <td>0.195590</td>\n",
       "      <td>-0.016733</td>\n",
       "      <td>0.214650</td>\n",
       "      <td>0.353895</td>\n",
       "    </tr>\n",
       "    <tr>\n",
       "      <th>BLK</th>\n",
       "      <td>-0.074948</td>\n",
       "      <td>-0.093027</td>\n",
       "      <td>0.104856</td>\n",
       "      <td>-0.016014</td>\n",
       "      <td>0.175674</td>\n",
       "      <td>-0.170016</td>\n",
       "      <td>-0.222674</td>\n",
       "      <td>-0.034724</td>\n",
       "      <td>-0.022793</td>\n",
       "      <td>-0.035030</td>\n",
       "      <td>...</td>\n",
       "      <td>-0.023610</td>\n",
       "      <td>0.157884</td>\n",
       "      <td>0.139253</td>\n",
       "      <td>0.004009</td>\n",
       "      <td>-0.087599</td>\n",
       "      <td>1.000000</td>\n",
       "      <td>0.106012</td>\n",
       "      <td>0.034423</td>\n",
       "      <td>0.044307</td>\n",
       "      <td>0.112515</td>\n",
       "    </tr>\n",
       "    <tr>\n",
       "      <th>TOV</th>\n",
       "      <td>-0.102790</td>\n",
       "      <td>0.311688</td>\n",
       "      <td>0.222677</td>\n",
       "      <td>0.130783</td>\n",
       "      <td>0.184599</td>\n",
       "      <td>-0.001041</td>\n",
       "      <td>-0.096447</td>\n",
       "      <td>0.016852</td>\n",
       "      <td>0.138619</td>\n",
       "      <td>0.100636</td>\n",
       "      <td>...</td>\n",
       "      <td>-0.064512</td>\n",
       "      <td>0.301022</td>\n",
       "      <td>0.258578</td>\n",
       "      <td>0.292616</td>\n",
       "      <td>0.195590</td>\n",
       "      <td>0.106012</td>\n",
       "      <td>1.000000</td>\n",
       "      <td>0.375629</td>\n",
       "      <td>0.222151</td>\n",
       "      <td>0.134562</td>\n",
       "    </tr>\n",
       "    <tr>\n",
       "      <th>PF</th>\n",
       "      <td>-0.180160</td>\n",
       "      <td>0.231149</td>\n",
       "      <td>0.150508</td>\n",
       "      <td>0.180616</td>\n",
       "      <td>0.014529</td>\n",
       "      <td>-0.034487</td>\n",
       "      <td>-0.073812</td>\n",
       "      <td>0.016498</td>\n",
       "      <td>0.232445</td>\n",
       "      <td>0.229160</td>\n",
       "      <td>...</td>\n",
       "      <td>0.264328</td>\n",
       "      <td>0.219164</td>\n",
       "      <td>0.298817</td>\n",
       "      <td>-0.063243</td>\n",
       "      <td>-0.016733</td>\n",
       "      <td>0.034423</td>\n",
       "      <td>0.375629</td>\n",
       "      <td>1.000000</td>\n",
       "      <td>0.203513</td>\n",
       "      <td>0.049126</td>\n",
       "    </tr>\n",
       "    <tr>\n",
       "      <th>PTS</th>\n",
       "      <td>-0.054515</td>\n",
       "      <td>0.587045</td>\n",
       "      <td>0.919650</td>\n",
       "      <td>0.825138</td>\n",
       "      <td>0.247862</td>\n",
       "      <td>0.452140</td>\n",
       "      <td>0.418193</td>\n",
       "      <td>0.379939</td>\n",
       "      <td>0.618739</td>\n",
       "      <td>0.641406</td>\n",
       "      <td>...</td>\n",
       "      <td>0.029665</td>\n",
       "      <td>0.422562</td>\n",
       "      <td>0.405677</td>\n",
       "      <td>0.219696</td>\n",
       "      <td>0.214650</td>\n",
       "      <td>0.044307</td>\n",
       "      <td>0.222151</td>\n",
       "      <td>0.203513</td>\n",
       "      <td>1.000000</td>\n",
       "      <td>0.913408</td>\n",
       "    </tr>\n",
       "    <tr>\n",
       "      <th>GmSc</th>\n",
       "      <td>-0.087613</td>\n",
       "      <td>0.530652</td>\n",
       "      <td>0.840216</td>\n",
       "      <td>0.615351</td>\n",
       "      <td>0.395999</td>\n",
       "      <td>0.338979</td>\n",
       "      <td>0.224079</td>\n",
       "      <td>0.361216</td>\n",
       "      <td>0.589298</td>\n",
       "      <td>0.610560</td>\n",
       "      <td>...</td>\n",
       "      <td>-0.102992</td>\n",
       "      <td>0.474136</td>\n",
       "      <td>0.406792</td>\n",
       "      <td>0.424954</td>\n",
       "      <td>0.353895</td>\n",
       "      <td>0.112515</td>\n",
       "      <td>0.134562</td>\n",
       "      <td>0.049126</td>\n",
       "      <td>0.913408</td>\n",
       "      <td>1.000000</td>\n",
       "    </tr>\n",
       "  </tbody>\n",
       "</table>\n",
       "<p>21 rows × 21 columns</p>\n",
       "</div>"
      ],
      "text/plain": [
       "             G        GS        FG       FGA       FG%        3P       3PA  \\\n",
       "G     1.000000  0.083891 -0.035025  0.096739 -0.235424  0.102207  0.161331   \n",
       "GS    0.083891  1.000000  0.564557  0.601415  0.032679  0.226484  0.215355   \n",
       "FG   -0.035025  0.564557  1.000000  0.834989  0.358371  0.458629  0.428350   \n",
       "FGA   0.096739  0.601415  0.834989  1.000000 -0.093182  0.429502  0.621313   \n",
       "FG%  -0.235424  0.032679  0.358371 -0.093182  1.000000  0.097300 -0.205699   \n",
       "3P    0.102207  0.226484  0.458629  0.429502  0.097300  1.000000  0.750307   \n",
       "3PA   0.161331  0.215355  0.428350  0.621313 -0.205699  0.750307  1.000000   \n",
       "3P%  -0.034763  0.204065  0.356477  0.202642  0.363046  0.688139  0.191503   \n",
       "FT   -0.102366  0.332572  0.282743  0.357530 -0.071841 -0.059052 -0.004167   \n",
       "FTA  -0.075466  0.341648  0.317487  0.378887 -0.051777 -0.013787  0.036372   \n",
       "FT%  -0.046855  0.180524 -0.016170  0.063971 -0.083641 -0.244717 -0.156087   \n",
       "ORB   0.207042  0.140270 -0.027557  0.239903 -0.339390 -0.120609  0.064447   \n",
       "DRB  -0.239827  0.496402  0.425355  0.389012  0.149156 -0.022501 -0.020639   \n",
       "TRB  -0.150734  0.514006  0.387966  0.448969  0.018944 -0.063875  0.003588   \n",
       "AST  -0.007356  0.412587  0.241068  0.164788  0.135380 -0.131809 -0.076856   \n",
       "STL   0.145185  0.269708  0.213775  0.214780 -0.005590  0.102970  0.100824   \n",
       "BLK  -0.074948 -0.093027  0.104856 -0.016014  0.175674 -0.170016 -0.222674   \n",
       "TOV  -0.102790  0.311688  0.222677  0.130783  0.184599 -0.001041 -0.096447   \n",
       "PF   -0.180160  0.231149  0.150508  0.180616  0.014529 -0.034487 -0.073812   \n",
       "PTS  -0.054515  0.587045  0.919650  0.825138  0.247862  0.452140  0.418193   \n",
       "GmSc -0.087613  0.530652  0.840216  0.615351  0.395999  0.338979  0.224079   \n",
       "\n",
       "           3P%        FT       FTA  ...       ORB       DRB       TRB  \\\n",
       "G    -0.034763 -0.102366 -0.075466  ...  0.207042 -0.239827 -0.150734   \n",
       "GS    0.204065  0.332572  0.341648  ...  0.140270  0.496402  0.514006   \n",
       "FG    0.356477  0.282743  0.317487  ... -0.027557  0.425355  0.387966   \n",
       "FGA   0.202642  0.357530  0.378887  ...  0.239903  0.389012  0.448969   \n",
       "FG%   0.363046 -0.071841 -0.051777  ... -0.339390  0.149156  0.018944   \n",
       "3P    0.688139 -0.059052 -0.013787  ... -0.120609 -0.022501 -0.063875   \n",
       "3PA   0.191503 -0.004167  0.036372  ...  0.064447 -0.020639  0.003588   \n",
       "3P%   1.000000  0.026264  0.043392  ... -0.183149  0.121145  0.045137   \n",
       "FT    0.026264  1.000000  0.977919  ...  0.159449  0.267303  0.306585   \n",
       "FTA   0.043392  0.977919  1.000000  ...  0.197629  0.266916  0.319782   \n",
       "FT%  -0.129446  0.291918  0.122962  ... -0.070605  0.112030  0.078537   \n",
       "ORB  -0.183149  0.159449  0.197629  ...  1.000000 -0.000839  0.354362   \n",
       "DRB   0.121145  0.267303  0.266916  ... -0.000839  1.000000  0.934811   \n",
       "TRB   0.045137  0.306585  0.319782  ...  0.354362  0.934811  1.000000   \n",
       "AST  -0.139526  0.143578  0.166546  ... -0.118674  0.462776  0.390599   \n",
       "STL   0.035317  0.101969  0.076163  ... -0.136192  0.175577  0.115815   \n",
       "BLK  -0.034724 -0.022793 -0.035030  ... -0.023610  0.157884  0.139253   \n",
       "TOV   0.016852  0.138619  0.100636  ... -0.064512  0.301022  0.258578   \n",
       "PF    0.016498  0.232445  0.229160  ...  0.264328  0.219164  0.298817   \n",
       "PTS   0.379939  0.618739  0.641406  ...  0.029665  0.422562  0.405677   \n",
       "GmSc  0.361216  0.589298  0.610560  ... -0.102992  0.474136  0.406792   \n",
       "\n",
       "           AST       STL       BLK       TOV        PF       PTS      GmSc  \n",
       "G    -0.007356  0.145185 -0.074948 -0.102790 -0.180160 -0.054515 -0.087613  \n",
       "GS    0.412587  0.269708 -0.093027  0.311688  0.231149  0.587045  0.530652  \n",
       "FG    0.241068  0.213775  0.104856  0.222677  0.150508  0.919650  0.840216  \n",
       "FGA   0.164788  0.214780 -0.016014  0.130783  0.180616  0.825138  0.615351  \n",
       "FG%   0.135380 -0.005590  0.175674  0.184599  0.014529  0.247862  0.395999  \n",
       "3P   -0.131809  0.102970 -0.170016 -0.001041 -0.034487  0.452140  0.338979  \n",
       "3PA  -0.076856  0.100824 -0.222674 -0.096447 -0.073812  0.418193  0.224079  \n",
       "3P%  -0.139526  0.035317 -0.034724  0.016852  0.016498  0.379939  0.361216  \n",
       "FT    0.143578  0.101969 -0.022793  0.138619  0.232445  0.618739  0.589298  \n",
       "FTA   0.166546  0.076163 -0.035030  0.100636  0.229160  0.641406  0.610560  \n",
       "FT%  -0.056634  0.149155 -0.002006  0.179817 -0.074702  0.073065  0.062857  \n",
       "ORB  -0.118674 -0.136192 -0.023610 -0.064512  0.264328  0.029665 -0.102992  \n",
       "DRB   0.462776  0.175577  0.157884  0.301022  0.219164  0.422562  0.474136  \n",
       "TRB   0.390599  0.115815  0.139253  0.258578  0.298817  0.405677  0.406792  \n",
       "AST   1.000000  0.386367  0.004009  0.292616 -0.063243  0.219696  0.424954  \n",
       "STL   0.386367  1.000000 -0.087599  0.195590 -0.016733  0.214650  0.353895  \n",
       "BLK   0.004009 -0.087599  1.000000  0.106012  0.034423  0.044307  0.112515  \n",
       "TOV   0.292616  0.195590  0.106012  1.000000  0.375629  0.222151  0.134562  \n",
       "PF   -0.063243 -0.016733  0.034423  0.375629  1.000000  0.203513  0.049126  \n",
       "PTS   0.219696  0.214650  0.044307  0.222151  0.203513  1.000000  0.913408  \n",
       "GmSc  0.424954  0.353895  0.112515  0.134562  0.049126  0.913408  1.000000  \n",
       "\n",
       "[21 rows x 21 columns]"
      ]
     },
     "execution_count": 6,
     "metadata": {},
     "output_type": "execute_result"
    }
   ],
   "source": [
    "a.corr()"
   ]
  },
  {
   "cell_type": "code",
   "execution_count": 7,
   "id": "707b5a6d",
   "metadata": {},
   "outputs": [
    {
     "data": {
      "text/html": [
       "<div>\n",
       "<style scoped>\n",
       "    .dataframe tbody tr th:only-of-type {\n",
       "        vertical-align: middle;\n",
       "    }\n",
       "\n",
       "    .dataframe tbody tr th {\n",
       "        vertical-align: top;\n",
       "    }\n",
       "\n",
       "    .dataframe thead th {\n",
       "        text-align: right;\n",
       "    }\n",
       "</style>\n",
       "<table border=\"1\" class=\"dataframe\">\n",
       "  <thead>\n",
       "    <tr style=\"text-align: right;\">\n",
       "      <th></th>\n",
       "      <th>PTS</th>\n",
       "      <th>AST</th>\n",
       "      <th>GmSc</th>\n",
       "    </tr>\n",
       "  </thead>\n",
       "  <tbody>\n",
       "    <tr>\n",
       "      <th>PTS</th>\n",
       "      <td>1.000000</td>\n",
       "      <td>0.219696</td>\n",
       "      <td>0.913408</td>\n",
       "    </tr>\n",
       "    <tr>\n",
       "      <th>AST</th>\n",
       "      <td>0.219696</td>\n",
       "      <td>1.000000</td>\n",
       "      <td>0.424954</td>\n",
       "    </tr>\n",
       "    <tr>\n",
       "      <th>GmSc</th>\n",
       "      <td>0.913408</td>\n",
       "      <td>0.424954</td>\n",
       "      <td>1.000000</td>\n",
       "    </tr>\n",
       "  </tbody>\n",
       "</table>\n",
       "</div>"
      ],
      "text/plain": [
       "           PTS       AST      GmSc\n",
       "PTS   1.000000  0.219696  0.913408\n",
       "AST   0.219696  1.000000  0.424954\n",
       "GmSc  0.913408  0.424954  1.000000"
      ]
     },
     "execution_count": 7,
     "metadata": {},
     "output_type": "execute_result"
    }
   ],
   "source": [
    "features = ['PTS','AST','GmSc']\n",
    "b=a[features]\n",
    "b.corr()"
   ]
  },
  {
   "cell_type": "code",
   "execution_count": 8,
   "id": "c36a814f",
   "metadata": {},
   "outputs": [],
   "source": [
    "from sklearn import linear_model\n",
    "from sklearn import datasets\n",
    "from sklearn.linear_model import LinearRegression"
   ]
  },
  {
   "cell_type": "code",
   "execution_count": 9,
   "id": "69e10e90",
   "metadata": {
    "scrolled": false
   },
   "outputs": [
    {
     "data": {
      "text/plain": [
       "<AxesSubplot:xlabel='AST', ylabel='GmSc'>"
      ]
     },
     "execution_count": 9,
     "metadata": {},
     "output_type": "execute_result"
    },
    {
     "data": {
